2580		300		1		2
1730		300		2		3
32230		300		3		4
5804		303		4		5
37500		300		4		6
29730		300		6		7
10  		301		7		8
310     	301		8		9
1710		302		9		10
10210		301		9		13
48150		302		10		11
13740		302		11		12
3030		303		13		14
28         	301		13		15
20440		301		15		16
520  	    301		16		17
3616		301		17		18
23330		303		17		34
10      	301		18		19
4900		301		19		20
516     	301		20		21
1620		302		20		31
280     	301		21		22
2020		301		21		26
1350		301		22		23
3640		301		23		24
530       	301		24		25
2680		301		26		27
26      	301		27		28
280         301		27		29
426         304		29		30
10560		300		23		33