2580		300		1		2	
2580		300		2		1
1730		300		2		3
1730		300		3		2
32230		300		3		4		
32230		300		4		3
5804		303		4		5
37500		300		4		6
5804		303		5		4
37500		300		6		4
29730		300		6		7
29730		300		7		6
10			301		7		8
10			301		8		7
310			301		8		9
310			301		9		8
1710		302		9		10
10210		301		9		13
1710		302		10		9
48150		302		10		11
48150		302		11		10
13740		302		11		12
13740		302		12		11
10210		301		13		9
3030		303		13		14
28			301		13		15
3030		303		14		13
28			301		15		13
20440		301		15		16
20440		301		16		15
520			301		16		17
520			301		17		16
3616		301		17		18
23330		303		17		34
3616		301		18		17	
10			301		18		19
10			301		19		18
4900		301		19		20
4900		301		20		19
516			301		20		21	
1620		302		20		31
516			301		21		20
280			301		21		22
2020		301		21		26
280			301		22		21
1350		301		22		23
1350		301		23		22	
3640		301		23		24
3640		301		24		23
530			301		24		25
530			301		25		24
2020		301		26		21
2680		301		26		27
2680		301		27		26
26			301		27		28
280			301		27		29
26			301		28		27
280			301		29		27
426			304		29		30
426			304		30		29
1620		302		31		20
10560		300		32		33
10560		300		33		32
23330		303 	34		17